1 0.774597 0.6 0.373002 0.52 0.391077 0.433861 0.410792 0.283422 0.274369 0.240655 0.353189 0.332182 0.389446 0.259633 0.330442 0.354689 0.240807 0.267456 0.296857 0.350016 0.188478 0.322475 0.322435 0.179749 0.320809 0.244733 0.289624 0.328877 0.319093 0.311838 0.238103 0.283662 0.350081 0.3253 0.283067 0.303435 0.301486 0.342874 0.321069 0.313394 0.253468 0.228261 0.257493 0.311146 0.323746 0.324298 0.215006 0.2147 0.298897 0.314962 0.299103 0.289444 0.304061 0.315113 0.289696 0.309573 0.233509 0.23938 0.293908 0.302377 0.289093 0.272307 0.241178 0.284675 0.317126 0.308735 0.313623 0.253534 0.320913 0.21355 0.305156 0.212859 0.246799 0.284204 0.309075 0.275534 0.308672 0.237958 0.236239 0.314668 0.245276 0.285221 0.208612 0.312282 0.309475 0.240296 0.260238 0.223497 0.284286 0.207661 0.28185 0.286726 0.299883 0.287957 0.265355 0.292191 0.286456 0.247562 0.243789 0.254412 0.209452 0.302482 0.202211 0.262816 0.220622 0.290628 0.292904 0.206608 0.232599 0.202158 0.28936 0.244194 0.285905 0.282417 0.26323 0.274744 0.225816 0.206018 0.210048 0.242211 0.223545 0.275492 0.244314 0.26392 0.253112 0.283967 0.198107 0.233214 0.270874 0.27674 0.209142 0.262004 0.272513 0.217717 0.286631 0.281931 0.272828 0.229199 0.208591 0.261326 0.213555 0.211479 0.239206 0.213357 0.244934 0.251474 0.203245 0.211329 0.208017 0.254823 0.275153 0.267832 0.241071 0.212434 0.228623 0.238374 0.264741 0.212 0.277285 0.222056 0.213392 0.264592 0.212875 0.272534 0.240236 0.227281 0.255509 0.267376 0.20856 0.229005 0.224511 0.204119 0.259659 0.235552 0.222983 0.271829 0.23063 0.24372 0.199955 0.260837 0.257951 0.245843 0.227909 0.216636 0.256527 0.206465 0.224727 0.248078 0.23541 0.205051 0.25989 0.26104 0.229971 0.257116 0.224504 0.264952 0.201223 0.24051
0.774597 1 0.774597 0.722315 0.774597 0.699062 0.735147 0.707107 0.62725 0.817405 0.62137 0.746124 0.696873 0.728153 0.639899 0.685606 0.805274 0.799408 0.665906 0.682647 0.711694 0.766471 0.700625 0.696995 0.759453 0.702275 0.794967 0.688322 0.710352 0.702734 0.813913 0.794089 0.689329 0.731733 0.713933 0.783081 0.755485 0.757949 0.739855 0.720867 0.713982 0.789192 0.791963 0.794121 0.726339 0.730097 0.728792 0.783732 0.783557 0.742065 0.734844 0.720481 0.710885 0.743023 0.729603 0.781131 0.727035 0.79307 0.79275 0.722148 0.747512 0.750536 0.787803 0.797079 0.758739 0.750582 0.744508 0.744114 0.776412 0.750019 0.782967 0.773583 0.781011 0.78401 0.761243 0.751861 0.757969 0.751996 0.78995 0.79561 0.759345 0.794856 0.767641 0.780089 0.761513 0.757932 0.793801 0.775992 0.785287 0.786454 0.778324 0.772518 0.75121 0.758163 0.770837 0.789284 0.757035 0.752556 0.783023 0.792161 0.796148 0.780592 0.773497 0.775628 0.789997 0.787595 0.772045 0.768242 0.778757 0.792749 0.775899 0.767877 0.790485 0.77238 0.77646 0.792168 0.792976 0.787122 0.778282 0.780974 0.7872 0.788251 0.785856 0.791738 0.777591 0.79178 0.77851 0.773356 0.792635 0.788333 0.774084 0.780223 0.793882 0.781375 0.78466 0.78226 0.783207 0.78675 0.790948 0.779817 0.782848 0.782685 0.780577 0.794091 0.783121 0.790522 0.789986 0.776597 0.781746 0.779489 0.796929 0.784952 0.784433 0.78923 0.782373 0.788766 0.792051 0.79026 0.781502 0.7882 0.786303 0.78271 0.779396 0.781322 0.788214 0.791345 0.789853 0.785983 0.790777 0.780056 0.788905 0.786273 0.77692 0.789831 0.789743 0.786745 0.788472 0.790504 0.79254 0.774421 0.794057 0.788715 0.786934 0.787962 0.783378 0.795679 0.778702 0.785862 0.788027 0.790451 0.777783 0.791157 0.792296 0.788533 0.791747 0.788491 0.794049 0.775358 0.790355
0.6 0.774597 1 0.746004 0.92 0.752071 0.705024 0.684653 0.607332 0.696475 0.625704 0.674269 0.692046 0.765463 0.637282 0.684488 0.721608 0.607752 0.649537 0.649374 0.682532 0.584282 0.684276 0.682361 0.604611 0.655566 0.68683 0.671401 0.670403 0.70701 0.705024 0.648169 0.661878 0.705719 0.693973 0.687448 0.693566 0.714046 0.70534 0.693323 0.700528 0.661005 0.618207 0.686649 0.703275 0.700767 0.68463 0.602861 0.619327 0.682097 0.694433 0.671157 0.670662 0.702235 0.691878 0.693071 0.671838 0.643049 0.634877 0.679465 0.688391 0.676668 0.679127 0.652787 0.688731 0.69298 0.693197 0.68658 0.666264 0.697155 0.617873 0.704632 0.627375 0.65166 0.677308 0.697335 0.677248 0.697001 0.656347 0.636819 0.69711 0.655738 0.691297 0.611448 0.696273 0.700869 0.64079 0.670171 0.638234 0.681384 0.609586 0.680777 0.683082 0.683067 0.686016 0.672939 0.683122 0.675074 0.660166 0.652859 0.665541 0.612548 0.694158 0.602743 0.670769 0.61966 0.681859 0.689622 0.601378 0.63453 0.610115 0.685889 0.659688 0.69182 0.676406 0.672304 0.684235 0.639232 0.607921 0.60662 0.648719 0.623923 0.681306 0.659814 0.671943 0.655495 0.685988 0.597467 0.642529 0.677967 0.676475 0.612047 0.665798 0.676014 0.622914 0.690589 0.686378 0.679104 0.637643 0.611286 0.671362 0.617732 0.614568 0.643577 0.61218 0.658789 0.665009 0.609734 0.609602 0.610543 0.660905 0.6805 0.678242 0.648627 0.611236 0.63594 0.642177 0.67283 0.620674 0.68431 0.633177 0.617582 0.672039 0.616348 0.672487 0.648885 0.63516 0.666279 0.675731 0.61138 0.636394 0.635317 0.610011 0.667526 0.643374 0.629257 0.674367 0.634232 0.652986 0.604357 0.670886 0.669767 0.656705 0.634811 0.625592 0.662971 0.604261 0.630545 0.655014 0.639278 0.602468 0.664164 0.665917 0.637168 0.665972 0.626101 0.670792 0.601616 0.652812
0.373002 0.722315 0.746004 1 0.932505 0.99586 0.973514 0.989586 0.972217 0.787232 0.964973 0.980565 0.987364 0.983037 0.968437 0.968437 0.912411 0.721781 0.970895 0.977522 0.987336 0.755754 0.982807 0.982427 0.784752 0.972256 0.835559 0.979025 0.979015 0.980184 0.878692 0.814117 0.972485 0.979357 0.978284 0.910397 0.957498 0.961785 0.977465 0.982808 0.962678 0.882875 0.731688 0.873748 0.975761 0.966827 0.974432 0.743008 0.771959 0.964809 0.973113 0.9728 0.97101 0.956941 0.974158 0.921564 0.970449 0.80567 0.829807 0.972509 0.956893 0.958344 0.905573 0.796143 0.954804 0.961096 0.968257 0.972216 0.90445 0.960962 0.764685 0.951979 0.793969 0.877898 0.948628 0.959919 0.944905 0.959846 0.84004 0.7842 0.963802 0.841367 0.938782 0.751293 0.954503 0.96337 0.830404 0.912709 0.817534 0.924688 0.780827 0.936068 0.957432 0.958357 0.940813 0.897728 0.954582 0.953605 0.883012 0.842872 0.855013 0.756384 0.949262 0.765128 0.889776 0.763889 0.943331 0.942141 0.74485 0.797323 0.746409 0.944402 0.85477 0.940533 0.931497 0.887317 0.902412 0.808281 0.761364 0.755279 0.860807 0.78949 0.916831 0.846203 0.914217 0.869219 0.932009 0.747741 0.807759 0.907429 0.931171 0.762894 0.882426 0.9175 0.784598 0.925804 0.921535 0.905656 0.799428 0.759811 0.904068 0.766491 0.784852 0.820543 0.754863 0.856509 0.869607 0.754291 0.759837 0.758903 0.853285 0.915558 0.907691 0.852625 0.763215 0.810497 0.832657 0.893557 0.776472 0.913298 0.794551 0.771376 0.912219 0.787104 0.907641 0.842389 0.797929 0.889781 0.893618 0.751262 0.813733 0.814043 0.766291 0.883953 0.834356 0.79744 0.907141 0.811864 0.847975 0.758405 0.878926 0.886202 0.869894 0.815895 0.794143 0.862096 0.744413 0.815347 0.870547 0.829748 0.741188 0.884124 0.882773 0.820907 0.87798 0.792543 0.885331 0.74195 0.846133
0.52 0.774597 0.92 0.932505 1 0.932568 0.921954 0.903742 0.866461 0.75557 0.875986 0.892604 0.9135 0.953471 0.882753 0.911077 0.883052 0.66738 0.886426 0.88686 0.906542 0.674751 0.907649 0.907316 0.709192 0.889896 0.784723 0.897835 0.898087 0.919739 0.840606 0.753992 0.891032 0.916879 0.91084 0.851511 0.888631 0.898111 0.913024 0.907369 0.910686 0.802152 0.679077 0.812535 0.909569 0.908948 0.900829 0.675372 0.705207 0.887493 0.902384 0.890013 0.890922 0.899151 0.902867 0.861755 0.890515 0.742201 0.755608 0.893102 0.889118 0.876174 0.835293 0.746686 0.876065 0.895001 0.895914 0.893402 0.826639 0.898555 0.698737 0.884396 0.723722 0.799185 0.867486 0.894529 0.865745 0.894152 0.774541 0.729261 0.892688 0.773871 0.871131 0.689137 0.889656 0.893836 0.75764 0.835065 0.746065 0.847443 0.708728 0.859427 0.878731 0.879656 0.86726 0.823236 0.877379 0.872989 0.807053 0.77682 0.791729 0.693167 0.877199 0.694516 0.818259 0.70177 0.865178 0.873522 0.678118 0.735013 0.68515 0.870222 0.786523 0.868304 0.853527 0.816014 0.833332 0.744844 0.694381 0.687951 0.7849 0.720014 0.841652 0.782801 0.837095 0.794382 0.858282 0.679225 0.74343 0.832662 0.852358 0.698164 0.807589 0.84163 0.718468 0.858706 0.852289 0.836869 0.735199 0.69704 0.827869 0.705447 0.713921 0.755206 0.691945 0.787169 0.801364 0.691032 0.694133 0.695911 0.787907 0.842102 0.835477 0.778087 0.697253 0.744207 0.760452 0.821085 0.711604 0.842032 0.73215 0.705951 0.835515 0.71635 0.831053 0.770736 0.732952 0.814449 0.824489 0.689083 0.745352 0.743273 0.698228 0.813125 0.762908 0.731526 0.831218 0.741244 0.776225 0.69063 0.808936 0.814582 0.795455 0.745542 0.724626 0.794899 0.682523 0.743126 0.795156 0.75763 0.679415 0.809189 0.809543 0.750254 0.80591 0.724827 0.813782 0.677999 0.776502
0.391077 0.699062 0.752071 0.99586 0.932568 1 0.962568 0.988623 0.962235 0.739668 0.948388 0.961072 0.974315 0.97159 0.951462 0.951462 0.87384 0.667498 0.951134 0.960007 0.973978 0.703074 0.966547 0.966591 0.732452 0.952496 0.789661 0.960379 0.960816 0.962746 0.83409 0.764033 0.951218 0.960366 0.959023 0.869793 0.927489 0.93321 0.956312 0.963768 0.938619 0.840997 0.678091 0.830558 0.953325 0.942483 0.952096 0.690554 0.720404 0.937208 0.949206 0.949165 0.947184 0.927768 0.95104 0.883072 0.946143 0.755958 0.781177 0.948332 0.927056 0.928448 0.86507 0.744394 0.924066 0.932806 0.941905 0.947292 0.863805 0.932939 0.713087 0.920498 0.743975 0.833786 0.916092 0.930938 0.911387 0.930819 0.792544 0.731532 0.935687 0.794329 0.903834 0.697893 0.923775 0.935095 0.78241 0.873281 0.769035 0.887793 0.728485 0.900716 0.927245 0.928445 0.906385 0.856695 0.923549 0.922303 0.839691 0.794917 0.808508 0.703205 0.916953 0.711836 0.847267 0.711307 0.9096 0.907908 0.691459 0.745905 0.692795 0.910776 0.808614 0.906274 0.895216 0.844841 0.862042 0.7577 0.708151 0.702404 0.815007 0.73873 0.878632 0.798712 0.875044 0.824398 0.896006 0.693871 0.758131 0.867854 0.89495 0.709653 0.839646 0.878905 0.732732 0.888405 0.883432 0.864903 0.749163 0.705937 0.863671 0.712928 0.7329 0.770998 0.701617 0.810516 0.824591 0.700668 0.706645 0.705012 0.806549 0.876797 0.867647 0.806345 0.710221 0.760097 0.784692 0.851777 0.724198 0.874331 0.743015 0.718977 0.872763 0.735331 0.867775 0.79534 0.74748 0.84753 0.851506 0.697858 0.763969 0.764845 0.713566 0.840516 0.786343 0.746131 0.867325 0.762486 0.801655 0.704928 0.835555 0.843378 0.825174 0.766385 0.743473 0.816303 0.689881 0.765635 0.825829 0.781271 0.686485 0.841184 0.83961 0.77179 0.834341 0.741441 0.842597 0.687798 0.799162
0.433861 0.735147 0.705024 0.973514 0.921954 0.962568 1 0.983959 0.982627 0.743988 0.978853 0.983837 0.99083 0.990487 0.982441 0.992042 0.931936 0.680965 0.981668 0.986083 0.991825 0.710405 0.989602 0.990222 0.746628 0.989056 0.79849 0.983477 0.989547 0.987417 0.878676 0.785537 0.981843 0.989974 0.987945 0.908555 0.959448 0.955206 0.985532 0.98418 0.981029 0.853075 0.688593 0.845631 0.978938 0.981225 0.9836 0.696191 0.729974 0.966362 0.977538 0.977224 0.977252 0.965843 0.979854 0.919789 0.978759 0.770545 0.80151 0.974361 0.963861 0.954479 0.890523 0.769086 0.943752 0.969809 0.96986 0.972249 0.886543 0.971469 0.720363 0.944819 0.752633 0.856461 0.941352 0.964851 0.937775 0.964579 0.811178 0.755483 0.96353 0.811691 0.93465 0.710023 0.959698 0.961356 0.799162 0.896763 0.780356 0.908536 0.744746 0.926536 0.952431 0.955477 0.93413 0.876692 0.951323 0.951127 0.860939 0.81905 0.832259 0.715839 0.943254 0.727052 0.870615 0.724658 0.935083 0.94053 0.701307 0.766958 0.703741 0.938657 0.828199 0.930323 0.921809 0.865703 0.883091 0.777657 0.722116 0.713106 0.835911 0.75138 0.898675 0.822027 0.898737 0.846054 0.920556 0.706026 0.773066 0.887355 0.91926 0.72474 0.8584 0.903077 0.749031 0.917383 0.910989 0.892997 0.763731 0.723523 0.884795 0.731818 0.748954 0.792264 0.714673 0.830215 0.847835 0.714243 0.720714 0.722296 0.830661 0.900067 0.891026 0.824884 0.724471 0.780271 0.80215 0.873362 0.739013 0.896756 0.762129 0.732831 0.89634 0.751417 0.890174 0.81261 0.762217 0.86788 0.876291 0.709993 0.781779 0.778798 0.726224 0.865175 0.80461 0.76515 0.888597 0.777351 0.817993 0.718571 0.855547 0.865131 0.845623 0.783511 0.756475 0.840147 0.705829 0.783315 0.847067 0.79998 0.702192 0.862202 0.861257 0.789222 0.854931 0.757373 0.863853 0.700149 0.818181
0.410792 0.707107 0.684653 0.989586 0.903742 0.988623 0.983959 1 0.984088 0.722491 0.966625 0.978239 0.985527 0.974598 0.969593 0.969593 0.887617 0.659478 0.967892 0.978111 0.988514 0.696827 0.980063 0.980567 0.727207 0.974068 0.778329 0.973434 0.978609 0.972397 0.840078 0.76075 0.967242 0.973954 0.972534 0.878044 0.938575 0.937913 0.96918 0.974859 0.952926 0.840467 0.667444 0.825969 0.962999 0.956759 0.967621 0.681182 0.712361 0.949742 0.961284 0.963972 0.961843 0.93927 0.963808 0.891281 0.962793 0.750173 0.781457 0.960688 0.940416 0.939616 0.869285 0.739751 0.930509 0.946891 0.953188 0.959483 0.867914 0.947042 0.703748 0.92687 0.736344 0.837264 0.925624 0.942623 0.920308 0.942477 0.78953 0.727839 0.946271 0.791666 0.911845 0.689507 0.935989 0.944125 0.780661 0.87825 0.763512 0.89286 0.724639 0.908443 0.936792 0.939605 0.914722 0.858963 0.934024 0.933984 0.841821 0.794949 0.808212 0.695364 0.925292 0.706864 0.850004 0.704023 0.918367 0.917651 0.683278 0.74274 0.683311 0.919626 0.807245 0.912272 0.903529 0.84631 0.863842 0.753999 0.701785 0.694892 0.816397 0.733272 0.882092 0.797663 0.880187 0.826479 0.902191 0.686786 0.752735 0.870457 0.902091 0.703313 0.840984 0.884438 0.727707 0.894787 0.889331 0.870006 0.743366 0.700176 0.86691 0.707503 0.728809 0.769148 0.694097 0.809563 0.825472 0.692959 0.700247 0.69915 0.807019 0.881271 0.871246 0.806101 0.704018 0.757449 0.78302 0.854113 0.717862 0.877813 0.738438 0.71245 0.877703 0.731271 0.872376 0.793565 0.741876 0.849564 0.854556 0.689479 0.760841 0.760383 0.706786 0.843424 0.784694 0.74255 0.871146 0.758716 0.799686 0.698341 0.835986 0.84508 0.826215 0.763449 0.737819 0.817334 0.683101 0.763325 0.827635 0.779993 0.67951 0.843542 0.841815 0.769196 0.835445 0.737031 0.844375 0.679703 0.797666
0.283422 0.62725 0.607332 0.972217 0.866461 0.962235 0.982627 0.984088 1 0.713532 0.993873 0.981513 0.991912 0.973279 0.993885 0.986718 0.901272 0.654643 0.990079 0.993477 0.992023 0.700168 0.990393 0.991269 0.737707 0.989718 0.779929 0.98876 0.989725 0.984177 0.850878 0.767223 0.98637 0.982081 0.984533 0.893493 0.952144 0.947634 0.977728 0.983456 0.972198 0.845157 0.66427 0.831152 0.975045 0.972322 0.979922 0.678505 0.713825 0.963503 0.973332 0.978425 0.978985 0.956305 0.976306 0.905692 0.977403 0.753453 0.788019 0.975032 0.95664 0.952481 0.879374 0.746045 0.940684 0.961222 0.965236 0.969527 0.879712 0.961621 0.703817 0.93564 0.73937 0.847686 0.937773 0.956655 0.93419 0.956481 0.796711 0.733494 0.956519 0.797008 0.925817 0.691734 0.949699 0.954512 0.785499 0.890028 0.767776 0.900278 0.73095 0.919966 0.949649 0.951116 0.926723 0.866817 0.946845 0.948137 0.851997 0.803879 0.816237 0.698038 0.935023 0.71245 0.859229 0.705686 0.92893 0.931484 0.684164 0.748515 0.685781 0.931842 0.81495 0.922861 0.914778 0.854071 0.871148 0.761331 0.705943 0.696358 0.825352 0.735905 0.890009 0.806499 0.891575 0.834638 0.912371 0.69039 0.756369 0.878022 0.913196 0.70763 0.84741 0.894892 0.732757 0.906181 0.900356 0.881316 0.74686 0.705558 0.876568 0.713197 0.734713 0.775677 0.696166 0.817306 0.834915 0.696991 0.703438 0.704416 0.814916 0.890706 0.881294 0.81348 0.707356 0.764474 0.788732 0.862491 0.722627 0.886312 0.744951 0.716103 0.888728 0.73713 0.880976 0.799709 0.74564 0.858556 0.86409 0.691714 0.766905 0.765412 0.711035 0.853306 0.791448 0.748974 0.879312 0.762908 0.805261 0.703163 0.843033 0.854082 0.835173 0.769507 0.742207 0.825521 0.686924 0.770096 0.836592 0.786564 0.683224 0.851555 0.849849 0.77544 0.843278 0.741307 0.851822 0.682543 0.804961
0.274369 0.817405 0.696475 0.787232 0.75557 0.739668 0.743988 0.722491 0.713532 1 0.746629 0.826734 0.779952 0.783675 0.757187 0.764659 0.915076 0.991051 0.788249 0.785115 0.783044 0.988505 0.792642 0.787332 0.989801 0.791886 0.993876 0.802975 0.798221 0.802205 0.962892 0.992484 0.808214 0.814502 0.810136 0.943072 0.887424 0.895837 0.832193 0.823464 0.821921 0.973928 0.993614 0.981226 0.841544 0.835067 0.830203 0.991637 0.994275 0.871032 0.84854 0.839122 0.834373 0.870918 0.840717 0.935307 0.838945 0.994378 0.987373 0.847413 0.876475 0.890737 0.957969 0.994611 0.908008 0.868237 0.867359 0.861379 0.956943 0.86472 0.994255 0.912781 0.993662 0.97123 0.910102 0.877926 0.913319 0.878422 0.988156 0.994472 0.883274 0.988314 0.920295 0.993669 0.888294 0.886564 0.988948 0.950964 0.99178 0.945706 0.991775 0.92843 0.894812 0.89267 0.921445 0.965283 0.898011 0.895657 0.970521 0.985446 0.983466 0.993789 0.913401 0.991835 0.968208 0.994626 0.92007 0.913972 0.992021 0.9934 0.993426 0.916054 0.983836 0.926349 0.932707 0.971096 0.963779 0.992409 0.992927 0.992846 0.979312 0.993592 0.952751 0.985489 0.950164 0.976971 0.935682 0.991522 0.993955 0.959807 0.934509 0.993475 0.973548 0.948359 0.993668 0.939231 0.944096 0.956035 0.99444 0.993284 0.959704 0.993838 0.992269 0.99077 0.993742 0.983081 0.977454 0.99336 0.993242 0.993226 0.983448 0.951671 0.95716 0.983141 0.993381 0.991654 0.98846 0.967173 0.994054 0.954875 0.993685 0.993995 0.952084 0.992334 0.957284 0.98687 0.994244 0.968473 0.965987 0.993659 0.991576 0.991781 0.993068 0.970294 0.987974 0.992847 0.958573 0.991999 0.986054 0.992436 0.975643 0.970632 0.976949 0.990998 0.993281 0.98051 0.99253 0.99026 0.976196 0.988437 0.992238 0.971398 0.972227 0.990315 0.974992 0.993409 0.971925 0.992166 0.98587
0.240655 0.62137 0.625704 0.964973 0.875986 0.948388 0.978853 0.966625 0.993873 0.746629 1 0.981327 0.992606 0.979237 0.999715 0.994035 0.927162 0.68714 0.997655 0.995698 0.989742 0.730268 0.993727 0.994307 0.770772 0.993587 0.811248 0.994804 0.992369 0.992266 0.880968 0.799027 0.994524 0.988253 0.991613 0.918946 0.967559 0.963572 0.985458 0.988794 0.987114 0.867135 0.698098 0.858361 0.985735 0.985232 0.987596 0.709176 0.745223 0.975681 0.983538 0.986663 0.988779 0.973909 0.985837 0.929266 0.98594 0.784141 0.815697 0.984905 0.972315 0.965595 0.902449 0.780841 0.955438 0.975177 0.977099 0.978457 0.902445 0.976019 0.735249 0.952015 0.769734 0.872217 0.953058 0.971865 0.951253 0.971677 0.826266 0.767506 0.969299 0.825174 0.945834 0.725354 0.965846 0.968198 0.813002 0.911705 0.796806 0.918716 0.762519 0.938125 0.964001 0.964251 0.944702 0.889428 0.96165 0.96271 0.876778 0.833301 0.844912 0.731359 0.950989 0.74492 0.883585 0.738236 0.945104 0.950263 0.716521 0.780532 0.720113 0.949112 0.842906 0.941179 0.933053 0.878309 0.894076 0.793419 0.738812 0.728314 0.851515 0.766008 0.910315 0.836335 0.912961 0.859808 0.931396 0.723459 0.786886 0.899433 0.931645 0.740903 0.870869 0.91561 0.76482 0.927469 0.921814 0.904931 0.777868 0.73973 0.898868 0.747441 0.766138 0.805926 0.72924 0.844876 0.862054 0.731053 0.736128 0.738554 0.843131 0.911857 0.903977 0.840096 0.739878 0.795568 0.816604 0.886054 0.755449 0.907899 0.777766 0.74856 0.910291 0.768444 0.902033 0.827278 0.776691 0.882331 0.888552 0.725334 0.797085 0.794926 0.743611 0.878548 0.819845 0.780771 0.900529 0.792018 0.832202 0.736401 0.868115 0.878884 0.860978 0.79917 0.772976 0.852792 0.72137 0.799675 0.862004 0.814966 0.717814 0.875358 0.874104 0.80477 0.868297 0.772166 0.875971 0.716499 0.83312
0.353189 0.746124 0.674269 0.980565 0.892604 0.961072 0.983837 0.978239 0.981513 0.826734 0.981327 1 0.993245 0.980945 0.985202 0.985202 0.958194 0.778708 0.99063 0.99485 0.995999 0.810923 0.994999 0.994345 0.839476 0.995347 0.875775 0.994388 0.99707 0.991399 0.928333 0.866435 0.993825 0.99558 0.994863 0.955244 0.988189 0.985845 0.996316 0.997275 0.98701 0.923944 0.78558 0.914031 0.994239 0.991459 0.99691 0.795925 0.823918 0.99292 0.995441 0.996668 0.995082 0.98674 0.99582 0.963126 0.996621 0.855873 0.882222 0.995433 0.98895 0.988913 0.947536 0.850263 0.983327 0.991361 0.993626 0.996097 0.946568 0.99086 0.815946 0.981577 0.843521 0.925088 0.982029 0.989509 0.979358 0.989487 0.888299 0.840554 0.991296 0.88919 0.974771 0.806083 0.987079 0.990011 0.880468 0.953516 0.865935 0.961687 0.836676 0.972492 0.987299 0.988944 0.976243 0.939247 0.986371 0.986645 0.928016 0.893872 0.903454 0.811135 0.981485 0.821875 0.933904 0.818019 0.978014 0.978255 0.799905 0.851984 0.800835 0.978972 0.901961 0.974085 0.969757 0.930556 0.942552 0.861137 0.817094 0.809849 0.909303 0.841759 0.954732 0.895707 0.954749 0.916625 0.968364 0.804192 0.858071 0.946892 0.968528 0.818654 0.926111 0.957411 0.838858 0.964426 0.960916 0.9486 0.850545 0.816948 0.945225 0.823279 0.839888 0.872963 0.809968 0.903725 0.916439 0.809812 0.815547 0.816012 0.902631 0.955002 0.94852 0.900828 0.818711 0.863791 0.882688 0.936279 0.830565 0.952387 0.848445 0.825619 0.953056 0.841859 0.948923 0.890831 0.849476 0.933045 0.937317 0.806063 0.86571 0.864265 0.820929 0.92965 0.884434 0.851651 0.947813 0.862876 0.89512 0.814422 0.922892 0.930125 0.916409 0.867597 0.846048 0.910302 0.802097 0.867792 0.917583 0.880848 0.799047 0.928719 0.927607 0.872184 0.922822 0.845978 0.929198 0.798216 0.894583
0.332182 0.696873 0.692046 0.987364 0.9135 0.974315 0.99083 0.985527 0.991912 0.779952 0.992606 0.993245 1 0.992556 0.994763 0.994763 0.939522 0.718974 0.99553 0.99766 0.999188 0.755221 0.999355 0.999457 0.790471 0.996169 0.835904 0.99761 0.997929 0.997618 0.89794 0.821144 0.995392 0.996777 0.997293 0.930702 0.976458 0.975127 0.99456 0.996977 0.989369 0.887375 0.728623 0.879106 0.992864 0.990345 0.994139 0.738719 0.771485 0.983334 0.991097 0.992051 0.992259 0.979974 0.992704 0.941001 0.991422 0.808493 0.836953 0.990745 0.979065 0.974825 0.918177 0.803819 0.967247 0.982719 0.985652 0.987832 0.916866 0.983305 0.762579 0.965292 0.794302 0.888907 0.963926 0.980023 0.961253 0.979872 0.846916 0.791142 0.97994 0.846979 0.956484 0.751713 0.974911 0.978886 0.835393 0.925665 0.819911 0.934978 0.785311 0.95066 0.973462 0.974539 0.956542 0.907022 0.971442 0.971517 0.893456 0.852717 0.864547 0.757297 0.963731 0.768588 0.900716 0.764731 0.957679 0.960658 0.743764 0.803558 0.746398 0.960458 0.862623 0.954122 0.9461 0.896559 0.911923 0.815033 0.763587 0.754958 0.869989 0.791064 0.926778 0.855733 0.927116 0.87852 0.945274 0.748823 0.810928 0.916697 0.944815 0.765609 0.890168 0.930247 0.788509 0.941038 0.935913 0.919829 0.802231 0.763874 0.914838 0.771283 0.78913 0.827706 0.755634 0.86448 0.88002 0.756137 0.76162 0.762786 0.862885 0.927384 0.919568 0.859969 0.765194 0.817276 0.83835 0.903552 0.779526 0.924261 0.800328 0.77348 0.924834 0.791413 0.918537 0.848411 0.800899 0.899516 0.905332 0.751688 0.81927 0.817684 0.768161 0.895527 0.840854 0.803245 0.917376 0.815429 0.853511 0.760766 0.887263 0.896327 0.879107 0.82124 0.796729 0.871963 0.746882 0.821243 0.880094 0.836243 0.743462 0.893506 0.892344 0.826561 0.886908 0.796135 0.89453 0.742602 0.853402
0.389446 0.728153 0.765463 0.983037 0.953471 0.97159 0.990487 0.974598 0.973279 0.783675 0.979237 0.980945 0.992556 1 0.982604 0.992113 0.945244 0.713755 0.983874 0.984177 0.989441 0.741614 0.991278 0.991375 0.779025 0.985266 0.833831 0.98738 0.987777 0.994408 0.90036 0.815368 0.984827 0.992869 0.991652 0.926677 0.969967 0.970624 0.98997 0.988877 0.988407 0.875995 0.724191 0.874086 0.987655 0.987575 0.98634 0.729482 0.762951 0.974151 0.984291 0.981153 0.982176 0.977071 0.985711 0.936892 0.981389 0.801569 0.82673 0.981006 0.972835 0.963957 0.910469 0.801283 0.957588 0.977145 0.978234 0.978366 0.906614 0.978946 0.754233 0.959301 0.784966 0.877918 0.953264 0.97471 0.951159 0.974458 0.839806 0.786573 0.972892 0.839261 0.950103 0.744324 0.969673 0.972379 0.825727 0.915602 0.810527 0.925344 0.774994 0.941305 0.963755 0.964845 0.948275 0.897857 0.962163 0.961044 0.8835 0.845384 0.858371 0.749628 0.956153 0.758518 0.892358 0.757568 0.947954 0.953989 0.734768 0.796771 0.739235 0.952035 0.854827 0.946358 0.936216 0.888279 0.904653 0.808049 0.754705 0.745926 0.85969 0.781869 0.917706 0.84936 0.917258 0.868728 0.936864 0.739216 0.803742 0.907615 0.934671 0.757496 0.880659 0.920872 0.78028 0.934683 0.928785 0.912577 0.79494 0.756323 0.905171 0.76441 0.779283 0.820292 0.748043 0.856343 0.872415 0.748389 0.753153 0.755151 0.855973 0.918812 0.91127 0.850037 0.756695 0.809373 0.828892 0.89497 0.7716 0.916409 0.793475 0.765305 0.915088 0.781665 0.908799 0.839303 0.793325 0.889914 0.897822 0.744291 0.81076 0.808435 0.759015 0.887277 0.831657 0.795263 0.907872 0.806192 0.844485 0.751561 0.8793 0.887895 0.869463 0.812113 0.787574 0.86459 0.739398 0.811463 0.870131 0.826738 0.735965 0.883945 0.883326 0.817414 0.878213 0.787526 0.886133 0.734436 0.845003
0.259633 0.639899 0.637282 0.968437 0.882753 0.951462 0.982441 0.969593 0.993885 0.757187 0.999715 0.985202 0.994763 0.982604 1 0.995822 0.933881 0.698293 0.998772 0.997363 0.992406 0.739589 0.995978 0.996436 0.7791 0.995891 0.819881 0.996659 0.994942 0.994609 0.888838 0.807867 0.996415 0.991557 0.99431 0.925146 0.971984 0.968148 0.989063 0.991756 0.989899 0.874517 0.708813 0.866062 0.988923 0.988544 0.990823 0.719427 0.754776 0.979541 0.987027 0.989654 0.991437 0.977832 0.989122 0.935208 0.989145 0.793237 0.824177 0.987981 0.976406 0.969907 0.90911 0.790122 0.960196 0.979306 0.981006 0.982326 0.908759 0.980115 0.744977 0.95729 0.778739 0.879344 0.957938 0.976097 0.956068 0.975916 0.834457 0.776999 0.973808 0.833535 0.951048 0.735184 0.970488 0.972686 0.821565 0.917828 0.805421 0.925023 0.771581 0.943635 0.968364 0.968821 0.950034 0.896385 0.966236 0.967139 0.883787 0.841424 0.852934 0.741088 0.956281 0.754238 0.890676 0.748047 0.950465 0.955409 0.72648 0.789687 0.729916 0.95427 0.850794 0.946626 0.93878 0.885567 0.901055 0.802155 0.748328 0.738114 0.859137 0.775305 0.916766 0.844387 0.919109 0.86741 0.937218 0.73312 0.795915 0.906168 0.937327 0.750438 0.878322 0.921822 0.774031 0.933481 0.927963 0.911513 0.78702 0.749275 0.905447 0.756926 0.775199 0.814634 0.739087 0.852726 0.869558 0.740667 0.745801 0.748112 0.85121 0.918251 0.910507 0.847999 0.749498 0.804312 0.825044 0.893106 0.764743 0.914468 0.786778 0.758023 0.916546 0.777483 0.908714 0.835492 0.785831 0.889323 0.895571 0.735163 0.805805 0.803608 0.752993 0.88573 0.828153 0.789738 0.907248 0.800884 0.840358 0.745845 0.875627 0.886026 0.86841 0.807821 0.781991 0.860647 0.731234 0.808253 0.86945 0.823389 0.727719 0.882642 0.881447 0.813331 0.875735 0.781352 0.883331 0.726355 0.841192
0.330442 0.685606 0.684488 0.968437 0.911077 0.951462 0.992042 0.969593 0.986718 0.764659 0.994035 0.985202 0.994763 0.992113 0.995822 1 0.946871 0.702353 0.99539 0.994078 0.992406 0.736252 0.995978 0.996436 0.776207 0.995891 0.822676 0.994328 0.994942 0.996824 0.898438 0.810209 0.994446 0.995492 0.996229 0.929237 0.973902 0.970021 0.992531 0.991756 0.994794 0.872758 0.71218 0.86775 0.990432 0.992897 0.992241 0.719427 0.754776 0.979541 0.98837 0.988363 0.990187 0.981677 0.990335 0.939103 0.989145 0.794508 0.824177 0.986862 0.978683 0.968783 0.910271 0.794676 0.959112 0.982425 0.982037 0.982326 0.907715 0.984033 0.744977 0.959255 0.777748 0.878362 0.956997 0.97881 0.955156 0.97856 0.835383 0.780635 0.975522 0.834421 0.952759 0.736033 0.973764 0.974297 0.821565 0.917013 0.804605 0.925023 0.77079 0.943635 0.967618 0.968821 0.950783 0.896385 0.966236 0.96643 0.883056 0.842887 0.855096 0.741788 0.957654 0.753549 0.89137 0.749406 0.950465 0.957378 0.72648 0.791664 0.73056 0.954902 0.851439 0.947251 0.93878 0.886196 0.902294 0.803385 0.748328 0.738114 0.858537 0.775305 0.916766 0.846152 0.918535 0.86741 0.937783 0.732563 0.797039 0.906168 0.936783 0.750983 0.878322 0.921822 0.774566 0.935584 0.929531 0.913088 0.78806 0.750301 0.904936 0.758448 0.774696 0.816146 0.740075 0.853225 0.870548 0.74115 0.746281 0.749068 0.85314 0.918726 0.910978 0.847528 0.74996 0.805243 0.825044 0.893563 0.765195 0.915368 0.788126 0.758468 0.916106 0.777045 0.908714 0.835492 0.786701 0.888891 0.896862 0.736007 0.806232 0.803185 0.752578 0.88657 0.828153 0.790565 0.907248 0.800884 0.840358 0.745448 0.876433 0.886426 0.868012 0.807821 0.7816 0.86222 0.732382 0.807866 0.869065 0.823389 0.728841 0.882642 0.881824 0.813331 0.876108 0.781845 0.884076 0.726718 0.84156
0.354689 0.805274 0.721608 0.912411 0.883052 0.87384 0.931936 0.887617 0.901272 0.915076 0.927162 0.958194 0.939522 0.945244 0.933881 0.946871 1 0.877257 0.948637 0.943995 0.939663 0.88981 0.948983 0.946918 0.916353 0.953629 0.944801 0.952393 0.952994 0.956164 0.989146 0.941595 0.958157 0.963386 0.960839 0.992348 0.986783 0.984915 0.969912 0.960379 0.972908 0.961935 0.8829 0.965788 0.971448 0.976122 0.968825 0.882484 0.905438 0.980008 0.974417 0.968536 0.968342 0.986825 0.971887 0.993209 0.971138 0.930388 0.945161 0.971145 0.986337 0.981668 0.982093 0.936253 0.982194 0.984748 0.97963 0.975022 0.978221 0.984964 0.899002 0.987689 0.917358 0.968467 0.984162 0.986129 0.985321 0.986133 0.951951 0.927422 0.983758 0.95078 0.99036 0.896088 0.989226 0.98412 0.943066 0.980918 0.932635 0.981839 0.915568 0.986168 0.982947 0.983418 0.987946 0.975065 0.984981 0.984053 0.970424 0.957176 0.963232 0.899506 0.987496 0.905559 0.975357 0.904651 0.98571 0.990603 0.888495 0.931171 0.892445 0.987658 0.959071 0.986876 0.985709 0.972803 0.978659 0.936699 0.902971 0.895769 0.960708 0.917758 0.980467 0.958941 0.981541 0.965032 0.986126 0.892464 0.931675 0.977706 0.984385 0.905435 0.968318 0.982871 0.919229 0.98913 0.987251 0.984011 0.926689 0.906206 0.977485 0.911802 0.918044 0.943518 0.898739 0.959659 0.96833 0.899314 0.902154 0.905332 0.962078 0.982585 0.981017 0.955478 0.90435 0.937211 0.945137 0.975256 0.913604 0.9821 0.928446 0.909328 0.981095 0.919434 0.978986 0.950233 0.925823 0.972424 0.978229 0.896069 0.936527 0.933025 0.904769 0.974275 0.94706 0.929043 0.978365 0.932258 0.952186 0.900878 0.96925 0.973039 0.96486 0.936661 0.921276 0.96549 0.895123 0.936377 0.965341 0.944725 0.89289 0.970657 0.971032 0.939543 0.968797 0.922922 0.972161 0.89001 0.954105
0.240807 0.799408 0.607752 0.721781 0.66738 0.667498 0.680965 0.659478 0.654643 0.991051 0.68714 0.778708 0.718974 0.713755 0.698293 0.702353 0.877257 1 0.732776 0.730809 0.725466 0.99527 0.734605 0.728724 0.989369 0.738943 0.979055 0.747253 0.744094 0.741494 0.937493 0.985193 0.75483 0.757954 0.753505 0.913167 0.844399 0.85064 0.778484 0.769156 0.765774 0.956587 0.999548 0.961262 0.788118 0.781719 0.778869 0.998519 0.995677 0.826543 0.798266 0.790531 0.784431 0.823103 0.78945 0.902603 0.790791 0.989291 0.980433 0.798532 0.832168 0.850798 0.932814 0.98842 0.869272 0.822251 0.820608 0.815004 0.933034 0.817511 0.996656 0.873215 0.991439 0.954425 0.873983 0.832587 0.877442 0.83322 0.976475 0.99201 0.839346 0.97723 0.883901 0.997692 0.8455 0.842307 0.981437 0.924956 0.985638 0.917433 0.992829 0.895757 0.854368 0.852526 0.886444 0.943154 0.858551 0.856918 0.951707 0.973699 0.968674 0.997195 0.875814 0.99528 0.947296 0.996882 0.885713 0.876885 0.998229 0.989964 0.997742 0.879908 0.969822 0.89126 0.901976 0.950816 0.939429 0.986573 0.996277 0.997461 0.965791 0.992835 0.925872 0.972252 0.923786 0.961712 0.903885 0.997384 0.988662 0.935334 0.903884 0.996148 0.9554 0.921159 0.992907 0.907618 0.914271 0.930395 0.990639 0.996131 0.935991 0.995229 0.992394 0.983552 0.997575 0.96899 0.960258 0.996922 0.996818 0.996264 0.969671 0.924622 0.931685 0.971117 0.996437 0.986273 0.980229 0.945611 0.994222 0.928075 0.990227 0.995341 0.92625 0.992029 0.933285 0.976388 0.990864 0.948159 0.943632 0.997692 0.985997 0.986377 0.995578 0.950562 0.979041 0.989782 0.934523 0.987374 0.974468 0.996244 0.957061 0.950429 0.961 0.985394 0.99126 0.965187 0.997897 0.98512 0.960466 0.980716 0.998098 0.952733 0.953533 0.983825 0.957005 0.99178 0.952334 0.998081 0.97405
0.267456 0.665906 0.649537 0.970895 0.886426 0.951134 0.981668 0.967892 0.990079 0.788249 0.997655 0.99063 0.99553 0.983874 0.998772 0.99539 0.948637 0.732776 1 0.998655 0.993814 0.771447 0.997711 0.997743 0.808535 0.997918 0.846846 0.999081 0.997406 0.996868 0.909791 0.835827 0.999342 0.995231 0.997433 0.942487 0.982355 0.979131 0.994237 0.996061 0.994032 0.897242 0.742682 0.889548 0.994625 0.993882 0.995854 0.752636 0.786015 0.988291 0.993535 0.995432 0.996666 0.986455 0.994923 0.95135 0.995012 0.822191 0.850998 0.994368 0.985713 0.980759 0.928553 0.819206 0.97278 0.987853 0.989319 0.990211 0.928153 0.988314 0.776769 0.97038 0.808478 0.901649 0.970955 0.985478 0.969378 0.985348 0.860485 0.806966 0.983791 0.859693 0.965095 0.767517 0.981048 0.982905 0.84859 0.936244 0.83347 0.942668 0.801751 0.958851 0.979527 0.979892 0.964318 0.917145 0.977816 0.978537 0.905686 0.866939 0.877573 0.773095 0.969587 0.785422 0.911994 0.779732 0.964689 0.96879 0.759278 0.818862 0.762489 0.9679 0.875574 0.961402 0.954668 0.907384 0.921366 0.830442 0.779894 0.770291 0.883214 0.805359 0.935364 0.869656 0.937396 0.89084 0.953322 0.76549 0.824691 0.925925 0.953394 0.781903 0.900812 0.939831 0.804127 0.950039 0.945233 0.930672 0.816359 0.780795 0.925244 0.788021 0.805174 0.842147 0.771238 0.877356 0.892774 0.772649 0.777554 0.779696 0.876006 0.936687 0.929783 0.872995 0.781044 0.832483 0.851804 0.914195 0.795371 0.93334 0.816071 0.789071 0.935133 0.807325 0.928211 0.861472 0.815238 0.910737 0.916413 0.767498 0.833884 0.831803 0.784269 0.907506 0.854663 0.818856 0.9269 0.829311 0.865978 0.777507 0.89836 0.907771 0.89171 0.835753 0.811571 0.88467 0.763771 0.83613 0.892671 0.850252 0.760439 0.904723 0.903648 0.840887 0.898443 0.811033 0.905373 0.759126 0.866727
0.296857 0.682647 0.649374 0.977522 0.88686 0.960007 0.986083 0.978111 0.993477 0.785115 0.995698 0.99485 0.99766 0.984177 0.997363 0.994078 0.943995 0.730809 0.998655 1 0.997648 0.769326 0.998878 0.998906 0.804186 0.998925 0.842951 0.998993 0.999175 0.996004 0.904958 0.831991 0.998409 0.995938 0.997361 0.938374 0.98069 0.977414 0.99467 0.997145 0.990615 0.896285 0.739811 0.886476 0.993643 0.991855 0.996129 0.750895 0.783284 0.987542 0.993069 0.995511 0.995781 0.983216 0.994534 0.94775 0.99506 0.819162 0.848683 0.99386 0.983571 0.980201 0.926146 0.814395 0.97201 0.986356 0.988643 0.990772 0.925749 0.986527 0.774198 0.969183 0.805708 0.899335 0.970082 0.983622 0.967724 0.983512 0.857038 0.80277 0.983288 0.856979 0.9624 0.764087 0.979175 0.982026 0.84643 0.934049 0.830828 0.941878 0.798535 0.957369 0.978488 0.979477 0.962655 0.915334 0.976747 0.977472 0.903129 0.863424 0.874188 0.769699 0.968631 0.78209 0.90955 0.776663 0.963853 0.9665 0.756567 0.815291 0.758765 0.966356 0.872491 0.959731 0.953359 0.905163 0.919331 0.826495 0.776534 0.767581 0.880705 0.80289 0.933969 0.865874 0.935319 0.888652 0.951751 0.762248 0.82168 0.924374 0.952023 0.778347 0.899161 0.93803 0.800733 0.947601 0.942919 0.927927 0.813281 0.776841 0.923228 0.783929 0.801987 0.838882 0.768031 0.874406 0.889601 0.768861 0.774377 0.775775 0.872886 0.934849 0.927467 0.870574 0.777883 0.828973 0.849373 0.912053 0.791764 0.931461 0.812096 0.785781 0.933079 0.804155 0.926747 0.858936 0.812148 0.908538 0.913796 0.764067 0.830765 0.828995 0.780933 0.904785 0.851888 0.815297 0.925409 0.82681 0.863635 0.773966 0.896037 0.905229 0.889134 0.832814 0.80859 0.88174 0.760014 0.833188 0.890265 0.847591 0.756667 0.902764 0.901529 0.837992 0.896113 0.808103 0.903279 0.755633 0.863775
0.350016 0.711694 0.682532 0.987336 0.906542 0.973978 0.991825 0.988514 0.992023 0.783044 0.989742 0.995999 0.999188 0.989441 0.992406 0.992406 0.939663 0.725466 0.993814 0.997648 1 0.761134 0.998638 0.998656 0.794304 0.996559 0.837952 0.996453 0.998378 0.995335 0.899287 0.824717 0.994323 0.996319 0.996278 0.931637 0.976727 0.974718 0.99438 0.996757 0.986834 0.891094 0.734036 0.881241 0.991717 0.989008 0.994262 0.74481 0.776415 0.983818 0.990847 0.992329 0.991789 0.978741 0.992352 0.941786 0.991914 0.812606 0.841512 0.990564 0.978993 0.976012 0.920391 0.807018 0.968286 0.982807 0.985814 0.988701 0.919141 0.983083 0.767643 0.96614 0.798715 0.892227 0.965475 0.97989 0.962388 0.979767 0.850054 0.795195 0.980659 0.850622 0.957075 0.756612 0.975232 0.979272 0.839839 0.927804 0.824011 0.937596 0.790154 0.952374 0.974255 0.975837 0.957873 0.909837 0.972462 0.972668 0.896294 0.856014 0.867508 0.762164 0.96508 0.773614 0.903423 0.769695 0.959538 0.961461 0.749313 0.807784 0.751092 0.961697 0.865722 0.955312 0.948233 0.899405 0.914332 0.818663 0.768528 0.760348 0.873568 0.796019 0.929189 0.858629 0.929287 0.8821 0.947027 0.754081 0.815039 0.91933 0.94684 0.770381 0.893591 0.932499 0.793005 0.942438 0.937595 0.921856 0.806476 0.768507 0.917336 0.775694 0.793866 0.831652 0.760694 0.867657 0.882768 0.760805 0.766712 0.767453 0.866166 0.929607 0.921716 0.863717 0.77024 0.821258 0.842555 0.906296 0.783941 0.926469 0.804214 0.778212 0.927094 0.796107 0.921395 0.852243 0.805198 0.902345 0.907783 0.756588 0.823388 0.821876 0.772961 0.898268 0.844775 0.807448 0.92017 0.819956 0.857285 0.765634 0.890247 0.89901 0.882299 0.825446 0.801204 0.875146 0.751889 0.825529 0.883453 0.840414 0.74851 0.896743 0.895501 0.830691 0.889989 0.800809 0.897567 0.747705 0.856855
0.188478 0.766471 0.584282 0.755754 0.674751 0.703074 0.710405 0.696827 0.700168 0.988505 0.730268 0.810923 0.755221 0.741614 0.739589 0.736252 0.88981 0.99527 0.771447 0.769326 0.761134 1 0.77012 0.764594 0.997114 0.77422 0.985773 0.784079 0.778998 0.774771 0.946142 0.991037 0.790953 0.788649 0.786325 0.930391 0.870628 0.876278 0.808264 0.802475 0.795245 0.972324 0.996233 0.973333 0.81901 0.810626 0.810448 0.998796 0.998816 0.855866 0.828584 0.823615 0.817974 0.849397 0.820511 0.921312 0.822764 0.994658 0.989651 0.830929 0.859117 0.878988 0.95011 0.990955 0.895693 0.849251 0.849516 0.845129 0.9521 0.844182 0.998994 0.896713 0.99744 0.970045 0.899862 0.859124 0.902989 0.859765 0.985959 0.99409 0.866124 0.986615 0.906594 0.998559 0.870448 0.868934 0.990398 0.944956 0.993829 0.93768 0.998059 0.918613 0.88195 0.879613 0.909682 0.959859 0.885133 0.884238 0.967613 0.983423 0.978968 0.998658 0.899572 0.998981 0.962791 0.99834 0.909615 0.900068 0.999083 0.994462 0.998383 0.903916 0.981127 0.91408 0.924121 0.96578 0.955681 0.992824 0.998912 0.99924 0.978953 0.997677 0.94505 0.98204 0.943745 0.975222 0.925352 0.99926 0.994388 0.9532 0.926263 0.998508 0.970066 0.940989 0.997235 0.927361 0.933669 0.947675 0.995652 0.998021 0.954198 0.997344 0.997685 0.990663 0.998624 0.980603 0.973226 0.998557 0.998834 0.998114 0.979962 0.943604 0.949711 0.983037 0.998768 0.992937 0.989527 0.961569 0.997849 0.946234 0.995018 0.998396 0.945771 0.997459 0.951452 0.98669 0.995916 0.964423 0.959213 0.998562 0.993192 0.994073 0.998945 0.965394 0.988649 0.995237 0.952512 0.994454 0.985238 0.999024 0.970789 0.965645 0.974962 0.99312 0.99703 0.976725 0.998217 0.99321 0.974521 0.989868 0.998162 0.967879 0.968241 0.992052 0.9711 0.996746 0.966948 0.998657 0.98462
